1.00000 0.00000
0.99646 0.00091
0.99292 0.00180
0.98938 0.00269
0.98584 0.00357
0.98230 0.00443
0.97876 0.00529
0.97522 0.00614
0.97168 0.00698
0.96815 0.00782
0.96461 0.00865
0.96107 0.00947
0.95753 0.01028
0.95399 0.01109
0.95045 0.01190
0.94691 0.01270
0.94337 0.01349
0.93983 0.01429
0.93629 0.01508
0.93275 0.01586
0.92921 0.01665
0.92567 0.01743
0.92213 0.01821
0.91859 0.01899
0.91505 0.01977
0.91151 0.02055
0.90797 0.02134
0.90444 0.02212
0.90090 0.02290
0.89736 0.02369
0.89382 0.02447
0.89028 0.02526
0.88674 0.02605
0.88320 0.02685
0.87966 0.02764
0.87612 0.02843
0.87258 0.02922
0.86904 0.03001
0.86550 0.03080
0.86196 0.03159
0.85842 0.03238
0.85488 0.03317
0.85134 0.03395
0.84780 0.03473
0.84427 0.03551
0.84073 0.03629
0.83719 0.03706
0.83365 0.03783
0.83011 0.03860
0.82657 0.03937
0.82303 0.04013
0.81949 0.04088
0.81595 0.04164
0.81241 0.04239
0.80887 0.04314
0.80533 0.04388
0.80179 0.04463
0.79825 0.04536
0.79471 0.04610
0.79117 0.04683
0.78763 0.04756
0.78409 0.04828
0.78056 0.04900
0.77702 0.04972
0.77348 0.05043
0.76994 0.05114
0.76640 0.05185
0.76286 0.05256
0.75932 0.05326
0.75578 0.05396
0.75224 0.05466
0.74870 0.05535
0.74516 0.05605
0.74162 0.05674
0.73808 0.05742
0.73454 0.05811
0.73100 0.05879
0.72746 0.05947
0.72392 0.06015
0.72039 0.06082
0.71685 0.06149
0.71331 0.06216
0.70977 0.06283
0.70623 0.06349
0.70269 0.06415
0.69915 0.06481
0.69561 0.06546
0.69207 0.06611
0.68853 0.06676
0.68499 0.06741
0.68145 0.06805
0.67791 0.06869
0.67437 0.06932
0.67083 0.06995
0.66729 0.07058
0.66375 0.07121
0.66022 0.07183
0.65668 0.07245
0.65314 0.07306
0.64960 0.07367
0.64606 0.07428
0.64252 0.07488
0.63898 0.07548
0.63544 0.07607
0.63190 0.07666
0.62836 0.07724
0.62482 0.07782
0.62128 0.07840
0.61774 0.07897
0.61420 0.07954
0.61066 0.08010
0.60712 0.08065
0.60358 0.08120
0.60004 0.08174
0.59651 0.08228
0.59297 0.08281
0.58943 0.08334
0.58589 0.08386
0.58235 0.08437
0.57881 0.08488
0.57527 0.08538
0.57173 0.08587
0.56819 0.08636
0.56465 0.08684
0.56111 0.08731
0.55757 0.08778
0.55403 0.08824
0.55049 0.08869
0.54695 0.08913
0.54341 0.08957
0.53987 0.09000
0.53634 0.09042
0.53280 0.09083
0.52926 0.09124
0.52572 0.09163
0.52218 0.09202
0.51864 0.09240
0.51510 0.09277
0.51156 0.09313
0.50802 0.09349
0.50448 0.09383
0.50094 0.09416
0.49740 0.09449
0.49386 0.09480
0.49032 0.09510
0.48678 0.09540
0.48324 0.09568
0.47970 0.09596
0.47616 0.09622
0.47263 0.09648
0.46909 0.09673
0.46555 0.09696
0.46201 0.09719
0.45847 0.09741
0.45493 0.09762
0.45139 0.09782
0.44785 0.09802
0.44431 0.09820
0.44077 0.09837
0.43723 0.09854
0.43369 0.09869
0.43015 0.09884
0.42661 0.09898
0.42307 0.09911
0.41953 0.09923
0.41599 0.09935
0.41246 0.09945
0.40892 0.09955
0.40538 0.09963
0.40184 0.09971
0.39830 0.09978
0.39476 0.09985
0.39122 0.09990
0.38768 0.09995
0.38414 0.09998
0.38060 0.10002
0.37706 0.10004
0.37352 0.10006
0.36998 0.10007
0.36644 0.10007
0.36290 0.10006
0.35936 0.10005
0.35582 0.10004
0.35228 0.10002
0.34875 0.09999
0.34521 0.09996
0.34167 0.09992
0.33813 0.09987
0.33459 0.09982
0.33105 0.09977
0.32751 0.09970
0.32397 0.09963
0.32043 0.09956
0.31689 0.09948
0.31335 0.09939
0.30981 0.09930
0.30627 0.09919
0.30273 0.09909
0.29919 0.09897
0.29565 0.09885
0.29211 0.09872
0.28858 0.09859
0.28504 0.09845
0.28150 0.09830
0.27796 0.09814
0.27442 0.09797
0.27088 0.09780
0.26734 0.09762
0.26380 0.09742
0.26026 0.09723
0.25672 0.09702
0.25318 0.09680
0.24964 0.09658
0.24610 0.09634
0.24256 0.09610
0.23902 0.09584
0.23548 0.09558
0.23194 0.09529
0.22841 0.09500
0.22487 0.09469
0.22133 0.09436
0.21779 0.09402
0.21425 0.09365
0.21071 0.09327
0.20717 0.09287
0.20363 0.09245
0.20009 0.09201
0.19655 0.09155
0.19301 0.09107
0.18947 0.09056
0.18593 0.09004
0.18239 0.08948
0.17885 0.08891
0.17531 0.08830
0.17177 0.08768
0.16823 0.08702
0.16470 0.08634
0.16116 0.08564
0.15762 0.08490
0.15408 0.08415
0.15054 0.08337
0.14700 0.08257
0.14346 0.08174
0.13992 0.08089
0.13638 0.08001
0.13284 0.07910
0.12930 0.07817
0.12576 0.07721
0.12222 0.07622
0.11868 0.07520
0.11514 0.07414
0.11160 0.07305
0.10806 0.07191
0.10453 0.07073
0.10099 0.06950
0.09745 0.06822
0.09391 0.06689
0.09037 0.06551
0.08683 0.06408
0.08329 0.06261
0.07975 0.06109
0.07621 0.05954
0.07267 0.05795
0.06913 0.05632
0.06559 0.05463
0.06205 0.05290
0.05851 0.05111
0.05497 0.04924
0.05143 0.04731
0.04789 0.04529
0.04435 0.04319
0.04082 0.04100
0.03728 0.03871
0.03374 0.03633
0.03020 0.03384
0.02666 0.03125
0.02312 0.02855
0.01958 0.02565
0.01604 0.02243
0.01250 0.01875
0.01604 -0.01384
0.01958 -0.01556
0.02312 -0.01718
0.02666 -0.01870
0.03020 -0.02012
0.03374 -0.02146
0.03728 -0.02272
0.04082 -0.02390
0.04435 -0.02503
0.04789 -0.02609
0.05143 -0.02711
0.05497 -0.02807
0.05851 -0.02900
0.06205 -0.02988
0.06559 -0.03072
0.06913 -0.03152
0.07267 -0.03227
0.07621 -0.03299
0.07975 -0.03367
0.08329 -0.03431
0.08683 -0.03492
0.09037 -0.03548
0.09391 -0.03602
0.09745 -0.03651
0.10099 -0.03698
0.10453 -0.03741
0.10806 -0.03780
0.11160 -0.03817
0.11514 -0.03851
0.11868 -0.03882
0.12222 -0.03910
0.12576 -0.03935
0.12930 -0.03958
0.13284 -0.03979
0.13638 -0.03997
0.13992 -0.04014
0.14346 -0.04028
0.14700 -0.04041
0.15054 -0.04052
0.15408 -0.04061
0.15762 -0.04068
0.16116 -0.04074
0.16470 -0.04079
0.16823 -0.04082
0.17177 -0.04084
0.17531 -0.04085
0.17885 -0.04084
0.18239 -0.04083
0.18593 -0.04080
0.18947 -0.04076
0.19301 -0.04072
0.19655 -0.04066
0.20009 -0.04060
0.20363 -0.04053
0.20717 -0.04045
0.21071 -0.04037
0.21425 -0.04028
0.21779 -0.04018
0.22133 -0.04007
0.22487 -0.03995
0.22841 -0.03983
0.23194 -0.03970
0.23548 -0.03956
0.23902 -0.03941
0.24256 -0.03925
0.24610 -0.03909
0.24964 -0.03892
0.25318 -0.03874
0.25672 -0.03856
0.26026 -0.03837
0.26380 -0.03817
0.26734 -0.03797
0.27088 -0.03776
0.27442 -0.03754
0.27796 -0.03731
0.28150 -0.03707
0.28504 -0.03683
0.28858 -0.03658
0.29211 -0.03633
0.29565 -0.03607
0.29919 -0.03581
0.30273 -0.03555
0.30627 -0.03528
0.30981 -0.03501
0.31335 -0.03474
0.31689 -0.03447
0.32043 -0.03419
0.32397 -0.03392
0.32751 -0.03364
0.33105 -0.03336
0.33459 -0.03308
0.33813 -0.03280
0.34167 -0.03252
0.34521 -0.03224
0.34875 -0.03195
0.35228 -0.03167
0.35582 -0.03138
0.35936 -0.03109
0.36290 -0.03081
0.36644 -0.03052
0.36998 -0.03023
0.37352 -0.02994
0.37706 -0.02965
0.38060 -0.02936
0.38414 -0.02907
0.38768 -0.02878
0.39122 -0.02848
0.39476 -0.02819
0.39830 -0.02789
0.40184 -0.02760
0.40538 -0.02730
0.40892 -0.02700
0.41246 -0.02670
0.41599 -0.02640
0.41953 -0.02610
0.42307 -0.02580
0.42661 -0.02550
0.43015 -0.02520
0.43369 -0.02490
0.43723 -0.02459
0.44077 -0.02429
0.44431 -0.02399
0.44785 -0.02368
0.45139 -0.02338
0.45493 -0.02308
0.45847 -0.02277
0.46201 -0.02247
0.46555 -0.02217
0.46909 -0.02186
0.47263 -0.02156
0.47616 -0.02126
0.47970 -0.02096
0.48324 -0.02066
0.48678 -0.02036
0.49032 -0.02006
0.49386 -0.01976
0.49740 -0.01947
0.50094 -0.01917
0.50448 -0.01888
0.50802 -0.01859
0.51156 -0.01830
0.51510 -0.01801
0.51864 -0.01773
0.52218 -0.01745
0.52572 -0.01717
0.52926 -0.01689
0.53280 -0.01661
0.53634 -0.01634
0.53987 -0.01607
0.54341 -0.01581
0.54695 -0.01554
0.55049 -0.01528
0.55403 -0.01503
0.55757 -0.01477
0.56111 -0.01452
0.56465 -0.01428
0.56819 -0.01403
0.57173 -0.01379
0.57527 -0.01356
0.57881 -0.01332
0.58235 -0.01309
0.58589 -0.01287
0.58943 -0.01264
0.59297 -0.01243
0.59651 -0.01221
0.60004 -0.01200
0.60358 -0.01179
0.60712 -0.01158
0.61066 -0.01138
0.61420 -0.01118
0.61774 -0.01099
0.62128 -0.01080
0.62482 -0.01061
0.62836 -0.01043
0.63190 -0.01025
0.63544 -0.01008
0.63898 -0.00991
0.64252 -0.00974
0.64606 -0.00958
0.64960 -0.00942
0.65314 -0.00926
0.65668 -0.00911
0.66022 -0.00897
0.66375 -0.00882
0.66729 -0.00868
0.67083 -0.00854
0.67437 -0.00841
0.67791 -0.00828
0.68145 -0.00815
0.68499 -0.00802
0.68853 -0.00790
0.69207 -0.00777
0.69561 -0.00765
0.69915 -0.00753
0.70269 -0.00741
0.70623 -0.00729
0.70977 -0.00717
0.71331 -0.00706
0.71685 -0.00694
0.72039 -0.00683
0.72392 -0.00672
0.72746 -0.00661
0.73100 -0.00651
0.73454 -0.00641
0.73808 -0.00631
0.74162 -0.00621
0.74516 -0.00612
0.74870 -0.00603
0.75224 -0.00595
0.75578 -0.00587
0.75932 -0.00579
0.76286 -0.00571
0.76640 -0.00564
0.76994 -0.00557
0.77348 -0.00550
0.77702 -0.00543
0.78056 -0.00536
0.78409 -0.00530
0.78763 -0.00523
0.79117 -0.00517
0.79471 -0.00510
0.79825 -0.00503
0.80179 -0.00497
0.80533 -0.00490
0.80887 -0.00482
0.81241 -0.00475
0.81595 -0.00468
0.81949 -0.00461
0.82303 -0.00454
0.82657 -0.00446
0.83011 -0.00439
0.83365 -0.00432
0.83719 -0.00425
0.84073 -0.00418
0.84427 -0.00411
0.84780 -0.00404
0.85134 -0.00398
0.85488 -0.00391
0.85842 -0.00385
0.86196 -0.00379
0.86550 -0.00373
0.86904 -0.00367
0.87258 -0.00362
0.87612 -0.00356
0.87966 -0.00351
0.88320 -0.00346
0.88674 -0.00341
0.89028 -0.00337
0.89382 -0.00332
0.89736 -0.00328
0.90090 -0.00324
0.90444 -0.00320
0.90797 -0.00316
0.91151 -0.00312
0.91505 -0.00308
0.91859 -0.00304
0.92213 -0.00300
0.92567 -0.00295
0.92921 -0.00290
0.93275 -0.00285
0.93629 -0.00279
0.93983 -0.00273
0.94337 -0.00265
0.94691 -0.00258
0.95045 -0.00249
0.95399 -0.00239
0.95753 -0.00229
0.96107 -0.00217
0.96461 -0.00204
0.96815 -0.00191
0.97168 -0.00175
0.97522 -0.00159
0.97876 -0.00141
0.98230 -0.00122
0.98584 -0.00101
0.98938 -0.00078
0.99292 -0.00054
0.99646 -0.00028
1.00000 0.00000
