
 --------------------------------------------------------------------------------
 ASTER 14.04.00 CONCEPT MEC17 CALCULE LE 03/06/2025 A 19:32:14 DE TYPE EVOL_ELAS 


 ======>

 ------>
 CHAMP AUX NOEUDS DE NOM SYMBOLIQUE  DEPL                                        
 NUMERO D'ORDRE: 1 INST:   0.00000000000000E+00                                  
 NOEUD                 DX                    DY                    DZ                    DRX                   DRY                   DRZ     
 N1        0.00000000000000E+00  0.00000000000000E+00 -8.27186673579052E-25  0.00000000000000E+00  0.00000000000000E+00  0.00000000000000E+00
 N2        0.00000000000000E+00  0.00000000000000E+00  7.47260504769552E-25  0.00000000000000E+00  0.00000000000000E+00  0.00000000000000E+00
 N3        0.00000000000000E+00  0.00000000000000E+00 -1.84256899364579E-09 -2.53739463735086E-08 -2.35341174724714E-08  0.00000000000000E+00
 N4        0.00000000000000E+00  0.00000000000000E+00 -1.78554546147508E-09 -2.45620426177659E-08  2.21431052605018E-08  0.00000000000000E+00
 N5        0.00000000000000E+00  0.00000000000000E+00  1.54461228884105E-08  3.75220551977998E-08 -2.88147990422140E-07  0.00000000000000E+00
 N6        0.00000000000000E+00  0.00000000000000E+00  5.25973800753385E-08 -3.34609783945103E-08 -4.33920137737995E-07  0.00000000000000E+00
 N7        0.00000000000000E+00  0.00000000000000E+00  1.00898985107065E-07 -1.37129678605147E-07 -5.07645406344243E-07  0.00000000000000E+00
 N8        0.00000000000000E+00  0.00000000000000E+00  1.53575480303560E-07 -2.18604073626730E-07 -5.24748857074138E-07  0.00000000000000E+00
 N9        0.00000000000000E+00  0.00000000000000E+00  2.05294922875188E-07 -2.77543998482966E-07 -4.98864653747226E-07  0.00000000000000E+00
 N10       0.00000000000000E+00  0.00000000000000E+00  2.52534993964898E-07 -3.33679509107835E-07 -4.36284727526949E-07  0.00000000000000E+00
 N11       0.00000000000000E+00  0.00000000000000E+00  2.92237602339579E-07 -3.77691645779306E-07 -3.51992966180418E-07  0.00000000000000E+00
 N12       0.00000000000000E+00  0.00000000000000E+00  3.22423400511415E-07 -4.18837854996481E-07 -2.46060000903390E-07  0.00000000000000E+00
 N13       0.00000000000000E+00  0.00000000000000E+00  3.41389166009498E-07 -4.36334039263483E-07 -1.31447705388566E-07  0.00000000000000E+00
 N14       0.00000000000000E+00  0.00000000000000E+00  3.48585148417370E-07 -4.51581306093747E-07 -9.75428251447944E-09  0.00000000000000E+00
 N15       0.00000000000000E+00  0.00000000000000E+00  3.43470452821278E-07 -4.41914902489452E-07  1.10852946769473E-07  0.00000000000000E+00
 N16       0.00000000000000E+00  0.00000000000000E+00  3.26597750502619E-07 -4.33769085023604E-07  2.26836819433603E-07  0.00000000000000E+00
 N17       0.00000000000000E+00  0.00000000000000E+00  2.98519263356031E-07 -4.03090612105475E-07  3.30968891848972E-07  0.00000000000000E+00
 N18       0.00000000000000E+00  0.00000000000000E+00  2.60563041133591E-07 -3.59490809035550E-07  4.20832694004106E-07  0.00000000000000E+00
 N19       0.00000000000000E+00  0.00000000000000E+00  2.14752490464342E-07 -3.14073628441196E-07  4.88507041394338E-07  0.00000000000000E+00
 N20       0.00000000000000E+00  0.00000000000000E+00  1.63505680512585E-07 -2.39768193457346E-07  5.23882330934062E-07  0.00000000000000E+00
 N21       0.00000000000000E+00  0.00000000000000E+00  1.10273888803696E-07 -1.58210693103901E-07  5.25876670559660E-07  0.00000000000000E+00
 N22       0.00000000000000E+00  0.00000000000000E+00  5.95925846546090E-08 -1.10669555141663E-07  4.73322004824889E-07  0.00000000000000E+00
 N23       0.00000000000000E+00  0.00000000000000E+00  1.89149513459561E-08 -6.61317162734390E-08  3.20232244007240E-07  0.00000000000000E+00
 N24       0.00000000000000E+00  0.00000000000000E+00 -3.73630252384776E-25  0.00000000000000E+00  0.00000000000000E+00  0.00000000000000E+00
 N25       0.00000000000000E+00  0.00000000000000E+00  2.33518907740485E-25  0.00000000000000E+00  0.00000000000000E+00  0.00000000000000E+00
 N26       0.00000000000000E+00  0.00000000000000E+00 -4.67037815480970E-26  0.00000000000000E+00  0.00000000000000E+00  0.00000000000000E+00
 N27       0.00000000000000E+00  0.00000000000000E+00 -2.33518907740485E-26  0.00000000000000E+00  0.00000000000000E+00  0.00000000000000E+00
 N28       0.00000000000000E+00  0.00000000000000E+00  8.75695904026819E-26  0.00000000000000E+00  0.00000000000000E+00  0.00000000000000E+00
 N29       0.00000000000000E+00  0.00000000000000E+00  1.16759453870243E-26  0.00000000000000E+00  0.00000000000000E+00  0.00000000000000E+00
 N30       0.00000000000000E+00  0.00000000000000E+00 -5.83797269351213E-26  0.00000000000000E+00  0.00000000000000E+00  0.00000000000000E+00
 N31       0.00000000000000E+00  0.00000000000000E+00 -2.33518907740485E-26  0.00000000000000E+00  0.00000000000000E+00  0.00000000000000E+00
 N32       0.00000000000000E+00  0.00000000000000E+00 -1.40111344644291E-25  0.00000000000000E+00  0.00000000000000E+00  0.00000000000000E+00
 N33       0.00000000000000E+00  0.00000000000000E+00 -3.82690509138971E-09 -4.33839113047995E-08 -1.81863906882888E-08  0.00000000000000E+00
 N34       0.00000000000000E+00  0.00000000000000E+00 -4.59483872033201E-09 -6.14044286412224E-08  7.90205272330939E-09  0.00000000000000E+00
 N35       0.00000000000000E+00  0.00000000000000E+00 -2.84170132976865E-09 -8.19815245874025E-08  2.71618822394274E-08  0.00000000000000E+00
 N36       0.00000000000000E+00  0.00000000000000E+00  9.87762814831444E-10 -1.04229614350300E-07  4.80313111864466E-08  0.00000000000000E+00
 N37       0.00000000000000E+00  0.00000000000000E+00  6.89720638476162E-09 -1.15602730461261E-07  6.75649043950553E-08  0.00000000000000E+00
 N38       0.00000000000000E+00  0.00000000000000E+00  1.36153208068418E-08 -1.54238361454934E-07  6.62352293277336E-08  0.00000000000000E+00
 N39       0.00000000000000E+00  0.00000000000000E+00  1.97747041186637E-08 -1.76226836831783E-07  5.55608333726873E-08  0.00000000000000E+00
 N40       0.00000000000000E+00  0.00000000000000E+00  2.46748140293822E-08 -1.86372330054943E-07  4.00297438537590E-08  0.00000000000000E+00
 N41       0.00000000000000E+00  0.00000000000000E+00  2.80284402639303E-08 -1.79773912877843E-07  2.43137624493975E-08  0.00000000000000E+00
 N42       0.00000000000000E+00  0.00000000000000E+00  2.92534074108735E-08 -1.91986391626722E-07  2.62710152619700E-10  0.00000000000000E+00
 N43       0.00000000000000E+00  0.00000000000000E+00  2.82140807778772E-08 -1.75914170396583E-07 -2.19144528729460E-08  0.00000000000000E+00
 N44       0.00000000000000E+00  0.00000000000000E+00  2.49309966838862E-08 -1.79174196884861E-07 -4.17967635608172E-08  0.00000000000000E+00
 N45       0.00000000000000E+00  0.00000000000000E+00  1.99455698938691E-08 -1.52909408436700E-07 -5.69829073615120E-08  0.00000000000000E+00
 N46       0.00000000000000E+00  0.00000000000000E+00  1.37589829749858E-08 -1.45500013122740E-07 -6.35698129544839E-08  0.00000000000000E+00
 N47       0.00000000000000E+00  0.00000000000000E+00  7.26514699387476E-09 -1.16326573801186E-07 -6.42308455150664E-08  0.00000000000000E+00
 N48       0.00000000000000E+00  0.00000000000000E+00  1.47514678127621E-09 -1.03228526756878E-07 -4.80760004533376E-08  0.00000000000000E+00
 N49       0.00000000000000E+00  0.00000000000000E+00 -2.45513310089849E-09 -8.09140914705344E-08 -2.82250016541404E-08  0.00000000000000E+00
 N50       0.00000000000000E+00  0.00000000000000E+00 -4.30845366243527E-09 -6.01120422560114E-08 -8.02623206115277E-09  0.00000000000000E+00
 N51       0.00000000000000E+00  0.00000000000000E+00 -3.63949303454200E-09 -4.19920961599833E-08  1.66572035073793E-08  0.00000000000000E+00
 N52       0.00000000000000E+00  0.00000000000000E+00  9.34075630961940E-26  0.00000000000000E+00  0.00000000000000E+00  0.00000000000000E+00
 N53       0.00000000000000E+00  0.00000000000000E+00  9.63265494429501E-26  0.00000000000000E+00  0.00000000000000E+00  0.00000000000000E+00
 N54       0.00000000000000E+00  0.00000000000000E+00 -1.60544249071583E-26  0.00000000000000E+00  0.00000000000000E+00  0.00000000000000E+00
 N55       0.00000000000000E+00  0.00000000000000E+00  0.00000000000000E+00  0.00000000000000E+00  0.00000000000000E+00  0.00000000000000E+00
 N56       0.00000000000000E+00  0.00000000000000E+00  4.67037815480970E-26  0.00000000000000E+00  0.00000000000000E+00  0.00000000000000E+00
 N57       0.00000000000000E+00  0.00000000000000E+00  0.00000000000000E+00  0.00000000000000E+00  0.00000000000000E+00  0.00000000000000E+00
 N58       0.00000000000000E+00  0.00000000000000E+00 -1.40111344644291E-25  0.00000000000000E+00  0.00000000000000E+00  0.00000000000000E+00
 N59       0.00000000000000E+00  0.00000000000000E+00  9.34075630961940E-26  0.00000000000000E+00  0.00000000000000E+00  0.00000000000000E+00
 N60       0.00000000000000E+00  0.00000000000000E+00 -4.67037815480970E-26  0.00000000000000E+00  0.00000000000000E+00  0.00000000000000E+00
 N61       0.00000000000000E+00  0.00000000000000E+00  5.32420482103605E-08 -1.30653339398225E-07 -3.03273706534021E-07  0.00000000000000E+00
 N62       0.00000000000000E+00  0.00000000000000E+00  5.57716873326346E-08 -1.44811135650209E-07 -1.98290374520029E-07  0.00000000000000E+00
 N63       0.00000000000000E+00  0.00000000000000E+00  1.06936748946760E-07 -2.37407683422464E-07 -1.95774131652154E-07  0.00000000000000E+00
 N64       0.00000000000000E+00  0.00000000000000E+00  1.39922354768495E-07 -2.86763465449481E-07 -1.06028780519618E-07  0.00000000000000E+00
 N65       0.00000000000000E+00  0.00000000000000E+00  1.49495465040084E-07 -3.03687275038719E-07  2.25239974910149E-08  0.00000000000000E+00
 N66       0.00000000000000E+00  0.00000000000000E+00  1.27128783321353E-07 -2.64518304743714E-07  1.54039384699406E-07  0.00000000000000E+00
 N67       0.00000000000000E+00  0.00000000000000E+00  8.47153976232745E-08 -1.91134088084490E-07  2.89292005961823E-07  0.00000000000000E+00
 N68       0.00000000000000E+00  0.00000000000000E+00  4.47741117043272E-08 -1.32323520867952E-07  1.61036057979346E-07  0.00000000000000E+00
 
